car_width = 7
car_height = 12
Obstacles [(180, 162), (103, 39), (181, 50), (393, 194), (356, 80), (233, 324), (101, 275), (115, 122), (82, 8), (397, 309), (118, 196), (336, 322), (38, 134), (212, 350), (392, 294), (271, 37), (286, 355)]
Radii [19, 27, 7, 16, 18, 11, 6, 9, 11, 25, 15, 12, 25, 23, 25, 8, 15]
Start : (83, 198)
End :  (374, 390)

x, y, theta = [((83, 198), 4.399), ((95, 213), -0.0), ((110, 228), -0.0), ((125, 243), -0.0), ((140, 258), -0.0), ((155, 273), -0.0), ((170, 288), -0.0), ((185, 303), -2.121), ((200, 316), 112.38), ((213, 310), 99.462), ((228, 300), -40.914), ((243, 302), -4.399), ((258, 315), -0.0), ((273, 330), 122.905), ((288, 327), -25.346), ((303, 332), -0.0), ((318, 347), -0.0), ((333, 362), -0.0), ((348, 377), -4.399)]


