car_width 7
car_height 12
Obstacles [(390, 258), (164, 374), (279, 143), (25, 348), (18, 149), (223, 303), (135, 64), (246, 190), (282, 106), (282, 109), (170, 67), (72, 12), (111, 155), (222, 39), (52, 221), (182, 115), (174, 60), (369, 16), (328, 265), (167, 127), (287, 198), (261, 319), (123, 379)]
Radii [8, 13, 27, 21, 11, 18, 27, 8, 8, 17, 8, 19, 20, 5, 22, 25, 21, 5, 19, 7, 26, 16, 15]
Start : (291, 376)
End :  (89, 95)

x, y, theta = [((291, 376), 0.0), ((276, 361), -2.121), ((261, 349), -29.055), ((246, 344), -6.843), ((231, 333), 130.914), ((216, 334), -15.255), ((201, 325), 0.0), ((186, 310), 0.0), ((171, 295), 0.0), ((156, 280), 0.0), ((141, 265), 0.0), ((126, 250), 0.0), ((111, 235), 0.0), ((96, 220), 21.801), ((90, 205), 45.0), ((90, 190), 25.346), ((84, 175), 21.801), ((78, 160), 49.086), ((79, 145), 77.735), ((88, 130), 45.0), ((88, 115), 45.0)]
[Finished in 0.0s]

