car_width 7
car_height 12
Obstacles [(79, 390), (256, 148), (171, 53), (11, 132), (81, 189), (396, 332), (44, 259), (6, 117), (323, 256), (158, 373), (107, 336), (95, 275), (270, 49), (367, 11), (1, 343), (136, 340), (8, 292)]
Radii [15, 21, 17, 24, 4, 4, 14, 22, 8, 26, 10, 6, 9, 26, 17, 10, 17]
Start : (51, 96)
End :  (306, 330)

x,y, theta = [((51, 96), -0.0), ((66, 111), -0.0), ((81, 126), -0.0), ((96, 141), -0.0), ((111, 156), -0.0), ((126, 171), -0.0), ((141, 186), -0.0), ((156, 201), -0.0), ((171, 216), -0.0), ((186, 231), -0.0), ((201, 246), -0.0), ((216, 261), -0.0), ((231, 276), -0.0), ((246, 291), -0.0), ((261, 306), -0.0), ((276, 321), -15.255), ((291, 329), -45.0)]


