car_width 7
car_height 12
Obstacles [(126, 135), (106, 41), (307, 37), (261, 163), (68, 257), (112, 81), (132, 237), (302, 257), (7, 186), (367, 50), (75, 216), (95, 263), (277, 152), (23, 149), (289, 119), (382, 12), (285, 368), (394, 232), (20, 216), (340, 199), (205, 26), (255, 308), (247, 211), (254, 287), (90, 78)]
Radii [17, 4, 18, 9, 12, 12, 20, 21, 22, 10, 14, 9, 27, 6, 6, 6, 14, 6, 6, 26, 4, 23, 18, 21, 10]
Start : (126, 389)
End :  (34, 37)

x, y, theta = [((126, 389), 0.0), ((111, 374), 0.0), ((96, 359), 0.0), ((81, 344), 0.0), ((66, 329), 0.0), ((51, 314), 0.0), ((36, 299), 40.914), ((35, 284), 45.0), ((35, 269), 45.0), ((35, 254), 45.0), ((35, 239), 53.13), ((38, 224), 49.086), ((38, 209), 57.095), ((42, 194), 45.0), ((42, 179), 21.801), ((35, 164), 71.565), ((43, 149), 18.435), ((35, 134), 45.0), ((35, 119), 45.0), ((35, 104), 45.0), ((35, 89), 45.0), ((35, 74), 45.0), ((35, 59), 45.0)]


